010100 101011
000110 111001
100010 011101
000100 111011
000111 111000
000110 111001
011001 100110
111110 000001
011100 100011
101000 010111
111110 000001
111101 000010
110101 001010
000101 111010
101111 010000
110101 001010
111100 000011
101101 010010
100100 011011
101110 010001
000110 111001
110000 001111
000110 111001
101111 010000
001110 110001
011111 100000
001111 110000
010111 101000
011000 100111
101000 010111
100110 011001
000010 111101
101101 010010
110111 001000
000011 111100
011001 100110
111010 000101
110001 001110
111011 000100
000111 111000
101011 010100
001101 110010
111001 000110
101101 010010
001110 110001
111101 000010
001110 110001
100100 011011
100110 011001
000011 111100
011101 100010
000100 111011
001111 110000
110001 001110
010010 101101
100100 011011
111101 000010
010001 101110
010001 101110
000100 111011
101011 010100
010010 101101
000111 111000
101101 010010
110100 001011
110010 001101
011101 100010
100100 011011
011011 100100
000101 111010
011010 100101
000111 111000
100111 011000
100110 011001
101011 010100
011001 100110
110010 001101
010000 101111
110010 001101
011110 100001
101000 010111
111101 000010
101011 010100
000011 111100
111110 000001
010011 101100
111110 000001
101011 010100
001101 110010
010001 101110
001011 110100
111110 000001
011000 100111
110100 001011
101001 010110
111101 000010
011110 100001
100111 011000
110000 001111
001101 110010
010101 101010
011100 100011
010010 101101
000000 111111
001011 110100
100111 011000
000001 111110
111010 000101
101101 010010
111111 000000
000000 111111
010000 101111
001011 110100
110110 001001
000110 111001
101110 010001
001100 110011
011001 100110
011011 100100
110111 001000
101011 010100
100010 011101
011110 100001
101001 010110
100001 011110
000001 111110
000100 111011
111000 000111
101100 010011
010011 101100
010010 101101
010101 101010
001001 110110
001111 110000
111011 000100
100000 011111
111101 000010
001111 110000
001001 110110
000000 111111
010101 101010
011000 100111
100000 011111
111000 000111
001001 110110
010110 101001
100011 011100
111100 000011
001110 110001
110011 001100
010000 101111
100111 011000
101001 010110
100000 011111
110010 001101
100000 011111
101011 010100
100011 011100
011001 100110
110011 001100
000001 111110
111110 000001
111100 000011
000000 111111
111111 000000
100101 011010
010001 101110
001000 110111
010111 101000
111101 000010
111111 000000
111011 000100
100011 011100
000111 111000
010001 101110
100111 011000
110010 001101
010001 101110
101011 010100
110000 001111
010110 101001
000110 111001
010001 101110
111100 000011
111010 000101
111010 000101
101100 010011
111100 000011
000101 111010
100111 011000
111100 000011
010000 101111
100110 011001
110101 001010
000100 111011
010011 101100
110110 001001
100101 011010
010101 101010
100000 011111
001100 110011
100110 011001
110011 001100
100000 011111
111011 000100
110101 001010
001000 110111
110101 001010
011000 100111
110010 001101
001000 110111
110101 001010
010001 101110
000110 111001
011011 100100
100100 011011
101100 010011
100111 011000
011000 100111
101010 010101
101001 010110
100010 011101
010100 101011
110101 001010
110000 001111
000001 111110
000111 111000
101110 010001
101101 010010
111000 000111
110101 001010
001011 110100
011010 100101
000010 111101
100000 011111
100110 011001
010010 101101
010010 101101
000110 111001
100100 011011
011000 100111
101111 010000
011001 100110
110101 001010
111010 000101
111100 000011
100101 011010
000110 111001
100001 011110
110111 001000
110100 001011
000101 111010
010110 101001
000010 111101
110101 001010
110110 001001
001111 110000
101000 010111
011011 100100
000110 111001
101111 010000
110001 001110
011000 100111
000001 111110
010100 101011
110001 001110
100100 011011
101000 010111
100111 011000
011110 100001
010110 101001
111100 000011
111011 000100
010001 101110
100111 011000
100101 011010
111101 000010
100101 011010
111100 000011
100000 011111
100111 011000
010000 101111
011101 100010
110100 001011
110101 001010
001011 110100
000001 111110
011001 100110
100111 011000
000100 111011
001101 110010
100000 011111
101001 010110
111110 000001
010010 101101
101101 010010
101110 010001
111011 000100
011110 100001
111111 000000
101010 010101
011011 100100
111111 000000
011110 100001
101011 010100
010010 101101
011000 100111
111100 000011
111000 000111
000010 111101
000110 111001
100011 011100
101001 010110
011010 100101
000100 111011
011100 100011
101001 010110
011110 100001
101000 010111
010101 101010
111000 000111
010100 101011
000101 111010
000111 111000
000100 111011
100111 011000
110101 001010
000010 111101
010101 101010
010000 101111
110111 001000
100111 011000
101101 010010
111010 000101
010100 101011
100001 011110
111111 000000
101100 010011
111100 000011
100100 011011
011100 100011
001001 110110
011110 100001
000101 111010
011010 100101
010011 101100
011001 100110
100010 011101
110111 001000
010001 101110
011011 100100
001011 110100
110011 001100
010111 101000
110000 001111
001001 110110
100010 011101
011111 100000
011100 100011
000000 111111
011101 100010
001000 110111
110100 001011
011101 100010
110111 001000
110100 001011
011100 100011
001100 110011
101110 010001
100011 011100
010011 101100
010000 101111
111011 000100
110100 001011
000011 111100
010101 101010
100101 011010
111100 000011
101101 010010
011100 100011
111001 000110
100101 011010
010001 101110
110000 001111
011111 100000
000101 111010
000100 111011
110010 001101
110010 001101
011000 100111
100111 011000
100010 011101
010000 101111
010001 101110
001101 110010
010111 101000
111000 000111
010001 101110
011101 100010
101001 010110
101000 010111
100010 011101
010100 101011
100111 011000
001000 110111
111111 000000
011000 100111
100100 011011
100010 011101
000110 111001
001010 110101
111111 000000
110101 001010
110000 001111
101000 010111
011000 100111
000000 111111
000100 111011
011111 100000
010010 101101
111010 000101
110011 001100
011000 100111
100111 011000
101000 010111
010110 101001
001011 110100
111011 000100
111000 000111
010100 101011
100010 011101
001101 110010
111110 000001
100000 011111
101001 010110
110010 001101
100011 011100
111010 000101
000001 111110
110110 001001
000001 111110
100100 011011
110010 001101
101011 010100
111111 000000
011010 100101
000110 111001
011010 100101
001001 110110
110111 001000
100000 011111
100011 011100
110111 001000
100111 011000
001111 110000
011111 100000
111000 000111
011010 100101
010011 101100
101010 010101
011110 100001
011101 100010
011100 100011
110101 001010
000001 111110
110010 001101
100110 011001
101010 010101
010101 101010
100001 011110
110000 001111
110111 001000
101001 010110
101101 010010
111110 000001
011001 100110
010001 101110
100111 011000
101011 010100
010111 101000
101011 010100
111110 000001
001000 110111
100100 011011
000111 111000
001111 110000
011011 100100
011110 100001
111010 000101
101111 010000
110011 001100
001111 110000
110110 001001
000100 111011
111010 000101
101001 010110
011100 100011
010011 101100
100000 011111
010010 101101
000110 111001
101010 010101
110011 001100
011111 100000
111111 000000
111101 000010
100011 011100
111001 000110
011001 100110
110110 001001
011101 100010
110110 001001
010000 101111
011011 100100
000000 111111
010110 101001
101100 010011
110100 001011
001111 110000
011110 100001
101000 010111
110001 001110
011010 100101
011110 100001
010110 101001
000011 111100
010010 101101
011001 100110
000011 111100
011110 100001
101111 010000
010100 101011
010001 101110
100011 011100
110110 001001
010100 101011
100010 011101
010111 101000
110101 001010
000101 111010
010010 101101
101110 010001
110100 001011
000010 111101
110000 001111
000111 111000
010010 101101
001111 110000
100110 011001
100001 011110
000110 111001
001011 110100
100000 011111
000111 111000
011100 100011
001001 110110
100100 011011
011101 100010
100000 011111
100110 011001
101101 010010
111110 000001
100110 011001
011011 100100
101010 010101
011000 100111
010010 101101
011110 100001
110111 001000
111101 000010
011011 100100
110101 001010
011001 100110
011010 100101
100000 011111
111111 000000
010001 101110
111111 000000
101100 010011
100011 011100
100010 011101
110111 001000
000110 111001
100011 011100
011011 100100
000011 111100
110110 001001
000011 111100
100110 011001
001000 110111
000001 111110
100011 011100
010111 101000
011111 100000
111010 000101
010011 101100
100011 011100
101000 010111
110000 001111
101110 010001
110010 001101
011011 100100
010101 101010
111011 000100
110001 001110
110001 001110
010011 101100
100100 011011
010001 101110
001010 110101
001010 110101
001101 110010
101000 010111
000011 111100
011010 100101
011111 100000
110011 001100
100001 011110
000001 111110
110111 001000
011001 100110
011110 100001
100011 011100
100010 011101
101010 010101
010011 101100
101100 010011
111011 000100
111011 000100
001000 110111
001100 110011
011101 100010
010000 101111
110000 001111
010001 101110
100101 011010
111001 000110
000100 111011
101110 010001
101101 010010
111001 000110
100011 011100
001100 110011
100101 011010
110000 001111
010011 101100
110101 001010
011111 100000
100011 011100
010010 101101
010101 101010
100100 011011
001010 110101
111010 000101
110100 001011
100011 011100
010110 101001
110010 001101
001010 110101
000100 111011
101000 010111
111011 000100
100100 011011
111101 000010
001111 110000
011001 100110
010100 101011
111011 000100
011100 100011
111101 000010
110110 001001
111100 000011
101000 010111
110100 001011
100000 011111
111001 000110
011100 100011
111110 000001
110110 001001
011100 100011
101110 010001
001000 110111
110000 001111
110110 001001
010010 101101
111001 000110
101111 010000
111111 000000
101101 010010
111010 000101
110101 001010
110110 001001
010111 101000
101011 010100
001101 110010
011011 100100
101010 010101
010000 101111
110100 001011
001110 110001
110100 001011
010001 101110
111100 000011
111011 000100
111110 000001
011000 100111
011111 100000
111001 000110
011101 100010
101010 010101
001000 110111
111010 000101
010011 101100
000010 111101
011000 100111
010010 101101
110001 001110
100010 011101
001110 110001
011101 100010
110110 001001
111111 000000
100111 011000
111000 000111
101011 010100
111010 000101
100000 011111
101011 010100
000001 111110
101100 010011
110111 001000
000011 111100
000111 111000
111010 000101
011101 100010
010101 101010
000011 111100
011100 100011
000010 111101
101110 010001
100011 011100
000001 111110
101011 010100
100110 011001
011010 100101
101011 010100
011011 100100
110000 001111
010011 101100
111011 000100
101001 010110
010000 101111
011100 100011
110111 001000
111101 000010
011101 100010
010110 101001
011011 100100
110101 001010
010011 101100
100100 011011
000001 111110
111010 000101
011011 100100
101101 010010
100101 011010
100001 011110
110100 001011
001110 110001
010001 101110
100100 011011
111111 000000
111000 000111
110100 001011
011010 100101
010111 101000
011001 100110
100000 011111
000001 111110
110110 001001
111010 000101
101100 010011
100111 011000
000001 111110
101010 010101
010110 101001
101111 010000
101111 010000
110100 001011
110100 001011
100001 011110
011001 100110
100100 011011
101111 010000
111001 000110
000001 111110
001111 110000
111100 000011
110001 001110
011101 100010
110001 001110
011001 100110
111000 000111
010001 101110
100011 011100
101001 010110
011000 100111
110111 001000
100101 011010
101000 010111
101110 010001
001111 110000
010111 101000
101110 010001
010010 101101
000101 111010
101000 010111
010010 101101
001101 110010
