0
01
002
011
0012
0021
0102
0111
00022
00112
00121
00202
00211
01012
01021
01102
01111
000122
000212
000221
001022
001112
001121
001202
001211
002012
002021
002102
002111
010022
010112
010121
010202
010211
011012
011021
011102
011111
0000222
0001122
0001212
0001221
0002022
0002112
0002121
0002202
0002211
0010122
0010212
0010221
0011022
0011112
0011121
0011202
0011211
0012012
0012021
0012102
0012111
0020022
0020112
0020121
0020202
0020211
0021012
0021021
0021102
0021111
0100122
0100212
0100221
0101022
0101112
0101121
0101202
0101211
0102012
0102021
0102102
0102111
0110022
0110112
0110121
0110202
0110211
0111012
0111021
0111102
0111111
00001222
00002122
00002212
00002221
00010222
00011122
00011212
00011221
00012022
00012112
00012121
00012202
00012211
00020122
00020212
00020221
00021022
00021112
00021121
00021202
00021211
00022012
00022021
00022102
00022111
00100222
00101122
00101212
00101221
00102022
00102112
00102121
00102202
00102211
00110122
00110212
00110221
00111022
00111112
00111121
00111202
00111211
00112012
00112021
00112102
00112111
00120022
00120112
00120121
00120202
00120211
00121012
00121021
00121102
00121111
00200122
00200212
00200221
00201022
00201112
00201121
00201202
00201211
00202012
00202021
00202102
00202111
00210022
00210112
00210121
00210202
00210211
00211012
00211021
00211102
00211111
01000222
01001122
01001212
01001221
01002022
01002112
01002121
01002202
01002211
01010122
01010212
01010221
01011022
01011112
01011121
01011202
01011211
01012012
01012021
01012102
01012111
01020022
01020112
01020121
01020202
01020211
01021012
01021021
01021102
01021111
01100122
01100212
01100221
01101022
01101112
01101121
01101202
01101211
01102012
01102021
01102102
01102111
01110022
01110112
01110121
01110202
01110211
01111012
01111021
01111102
01111111
000002222
000011222
000012122
000012212
000012221
000020222
000021122
000021212
000021221
000022022
000022112
000022121
000022202
000022211
000101222
000102122
000102212
000102221
000110222
000111122
000111212
000111221
000112022
000112112
000112121
000112202
000112211
000120122
000120212
000120221
000121022
000121112
000121121
000121202
000121211
000122012
000122021
000122102
000122111
000200222
000201122
000201212
000201221
000202022
000202112
000202121
000202202
000202211
000210122
000210212
000210221
000211022
000211112
000211121
000211202
000211211
000212012
000212021
000212102
000212111
000220022
000220112
000220121
000220202
000220211
000221012
000221021
000221102
000221111
001001222
001002122
001002212
001002221
001010222
001011122
001011212
001011221
001012022
001012112
001012121
001012202
001012211
001020122
001020212
001020221
001021022
001021112
001021121
001021202
001021211
001022012
001022021
001022102
001022111
001100222
001101122
001101212
001101221
001102022
001102112
001102121
001102202
001102211
001110122
001110212
001110221
001111022
001111112
001111121
001111202
001111211
001112012
001112021
001112102
001112111
001120022
001120112
001120121
001120202
001120211
001121012
001121021
001121102
001121111
001200122
001200212
001200221
001201022
001201112
001201121
001201202
001201211
001202012
001202021
001202102
001202111
001210022
001210112
001210121
001210202
001210211
001211012
001211021
001211102
001211111
002000222
002001122
002001212
002001221
002002022
002002112
002002121
002002202
002002211
002010122
002010212
002010221
002011022
002011112
002011121
002011202
002011211
002012012
002012021
002012102
002012111
002020022
002020112
002020121
002020202
002020211
002021012
002021021
002021102
002021111
002100122
002100212
002100221
002101022
002101112
002101121
002101202
002101211
002102012
002102021
002102102
002102111
002110022
002110112
002110121
002110202
002110211
002111012
002111021
002111102
002111111
010001222
010002122
010002212
010002221
010010222
010011122
010011212
010011221
010012022
010012112
010012121
010012202
010012211
010020122
010020212
010020221
010021022
010021112
010021121
010021202
010021211
010022012
010022021
010022102
010022111
010100222
010101122
010101212
010101221
010102022
010102112
010102121
010102202
010102211
010110122
010110212
010110221
010111022
010111112
010111121
010111202
010111211
010112012
010112021
010112102
010112111
010120022
010120112
010120121
010120202
010120211
010121012
010121021
010121102
010121111
010200122
010200212
010200221
010201022
010201112
010201121
010201202
010201211
010202012
010202021
010202102
010202111
010210022
010210112
010210121
010210202
010210211
010211012
010211021
010211102
010211111
011000222
011001122
011001212
011001221
011002022
011002112
011002121
011002202
011002211
011010122
011010212
011010221
011011022
011011112
011011121
011011202
011011211
011012012
011012021
011012102
011012111
011020022
011020112
011020121
011020202
011020211
011021012
011021021
011021102
011021111
011100122
011100212
011100221
011101022
011101112
011101121
011101202
011101211
011102012
011102021
011102102
011102111
011110022
011110112
011110121
011110202
011110211
011111012
011111021
011111102
011111111