111110 001110 110111
110110 000000 110110
101100 010000 111100
100000 110010 001010
000000 010100 010100
100000 000000 100000
011000 111000 101100
001000 000110 001110
001110 001110 000111
111100 111010 011001
001010 100100 101110
100000 111100 000010
110010 000010 110001
011100 110100 100110
101110 011100 110101
010110 011110 000111
010100 110110 101001
111100 110100 010110
000010 111100 111110
110010 001100 111110
101010 010000 111010
110100 010000 101100
001110 010010 011101
111000 110000 010100
111000 111010 011110
111110 100110 000111
011100 000100 011010
011100 000000 011100
111110 011100 101101
101010 100110 011101
011100 111110 101101
101110 001100 100101
011010 010100 000001
000010 110110 110101
110100 110100 011010
010110 110000 101110
111100 111000 011010
000010 111110 111101
011000 000010 011010
011010 011000 001110
001000 111010 110110
101100 100000 011100
111000 011010 101110
111110 000000 111110
000010 101010 101001
000110 100010 100101
000100 010110 010001
101110 111110 001111
100000 110000 001000
010000 101010 111010
000110 111110 111011
111110 010100 100101
000100 011110 011001
011000 101110 110001
100000 100010 010010
100000 000010 100010
011110 111110 101111
010110 110100 101001
111010 100000 000110
001000 010110 011110
001110 111010 110011
111100 100110 000101
010010 001100 011110
001100 110000 111100
110100 101110 000101
110100 010010 101110
111010 000100 111110
001010 111100 110001
100000 010110 110110
011010 000100 011110
100100 000010 100110
010100 000010 010110
101000 111100 001010
111100 101000 001010
100110 100010 010101
000100 000110 000001
101100 001000 100010
011100 011110 001101
010100 010100 001010
010010 111110 100011
011110 010110 000111
001000 011000 010100
011010 111110 101011
110000 100110 001110
110100 010100 101010
000000 000110 000110
000100 001010 001110
110100 000100 110010
010000 100010 110010
011100 101010 110001
111010 111000 011110
010000 000000 010000
101110 010010 111101
011000 001010 010110
010110 011100 000101
011110 001010 010011
000000 001100 001100
010100 001010 011110
011110 101000 110001
010000 111100 100010
101000 010110 111110
110000 111110 010001
111100 001100 110110
000000 110100 110100
011100 001000 010010
100000 111110 000001
101110 111000 001001
110010 011110 100011
111010 111100 011001
011110 000110 011011
100110 000110 100011
000000 101100 101100
011000 111010 101110
000000 010110 010110
101000 000100 101100
111000 011110 101001
111110 111110 011111
011000 010010 000110
000010 001110 001101
001000 110010 111010
011010 000110 011101
110100 001100 111010
000010 111010 111001
010010 011010 000101
100000 010000 110000
001010 101100 100001
101100 100010 011110
111000 100100 000010
110100 111100 010110
010100 101010 111110
011100 010010 000001
001000 111100 110010
111010 100110 000011
010100 100100 110010
010100 011000 000010
011000 100100 111100
001110 011010 010011
001110 100000 101110
101010 101110 010011
111110 111010 011011
100000 110110 001110
000000 110010 110010
110010 100110 001101
100010 110010 001001
111100 000110 111001
100110 011010 111101
000010 111000 111010
110010 011100 100001
101000 011100 110010
000100 000000 000100
000010 101110 101101
010000 010110 001110
101000 110000 000100
100110 001100 101001
111010 100100 000001
001110 111110 110111
011100 001010 010001
001000 011110 010001
000100 000100 000010
001110 001100 000101
011010 100000 111010
010000 100000 110000
111010 011000 101110
011110 000000 011110
111000 111110 011001
101000 000110 101110
000100 011100 011010
100110 111000 000001
001100 100110 101001
000100 011000 011100
100100 110110 001001
011100 110110 100101
001010 010010 011001
101100 001010 100001
001110 110100 111001
000000 011010 011010
010000 011110 000001
100110 111110 000111
010000 101100 111100
011010 001100 010001
111110 101110 001111
001100 110100 111010
001110 111000 110001
111110 000110 111011
101100 100110 011001
100010 001000 101010
111110 111000 011001
001100 111100 110110
101010 111100 001001
110110 110110 011011
010100 000100 010010
110110 100010 001101
111110 101100 001101
000010 001000 001010
000010 000110 000101
101100 111100 001110
111100 110110 010101
111010 110010 010101
001100 010110 011001
110010 000110 110101
101110 011010 110011
111110 100100 000101
100100 110100 001010
110110 000100 110001
001010 101110 100011
000110 001010 001101
001100 011000 010010
010100 110100 101010
101000 000000 101000
011000 110100 100010
111010 101010 001101
010000 111010 100110
111000 111000 011100
101110 001010 100011
011010 001000 010110
000110 100100 100001
000100 011010 011110
000010 101100 101110
100100 011100 111010
000010 000100 000110
110110 111110 010111
110110 111000 010001
010010 000010 010001
100100 101100 011010
001100 010010 011110
010110 101110 111011
100010 110000 001010
110010 110010 011001
101000 100000 011000
001000 101010 100110
110010 001110 111101
001110 110110 111011
011110 001000 010001
010110 001000 011110
000100 100000 100100
011010 100110 111101
010010 000110 010101
001110 100100 101001
111110 010110 100111
001010 010110 011101
001100 111000 110010
000100 101100 101010
110100 100100 001010
110100 110010 011110
011000 101010 110110
010010 000000 010010
110110 101100 000101
101010 111010 001101
000110 001100 001001
010000 001100 011100
110000 011100 100010
011110 100000 111110
111100 010000 100010
100000 100110 010110
100000 011000 111000
100010 011010 111001
101010 101000 010110
010010 011100 000001
001010 110100 111110
111010 111110 011011
001000 110100 111100
110110 100100 001001
111000 111100 011010
101110 100100 011001
011000 000100 011100
110000 111100 010010
011100 101110 110101
011000 100000 111000
011000 011110 001001
101000 111010 001110
101010 111110 001011
111100 000100 111010
001100 001000 000010
010010 100100 110110
010000 011000 000100
011010 100100 111110
100100 111100 000110
010100 110010 101110
010010 101100 111110
101000 100010 011010
011110 110100 100101
010010 100000 110010
010000 101000 111000
011100 100110 111001
101000 110010 000110
010000 101110 111110
010110 000010 010101
000110 001110 001011
001100 101000 100010
111000 001110 110001
111110 101010 001011
111110 111100 011101
111100 000010 111110
110100 110110 011001
110110 100110 001011
111000 100000 000100
000000 010010 010010
010010 001110 011101
001110 001000 000001
011110 011000 001001
010110 101010 111101
010010 011000 000110
010110 111010 100011
111010 011110 101011
101100 000110 101001
111000 101000 001100
110100 001010 111110
011010 110010 100101
111010 100010 000101
010100 000000 010100
100100 110000 001100
001000 010000 011000
011000 011010 001110
001100 101110 100101
001000 011100 010010
010000 000100 010100
001000 010010 011010
110000 001010 111010
000010 100100 100110
101110 100110 011011
000000 011110 011110
010010 101110 111101
011100 111100 101110
001010 000000 001010
100010 101110 011101
101110 001110 100111
001010 111110 110011
110110 000110 110011
101110 000100 101001
111000 010000 100100
100010 100000 010010
110010 101000 000110
011110 001110 010111
011000 101100 110010
001010 110000 111010
101000 100100 011100
001100 010000 011100
000010 100000 100010
101010 110110 000011
111000 000100 111100
010110 100110 110011
110100 011010 100001
000100 100110 100001
001100 010100 011010
000000 010000 010000
011110 110110 100111
001010 100000 101010
010100 011100 000110
001110 110000 111110
010110 001010 011101
001100 110010 111110
100110 111100 000101
111100 011110 101101
111100 111100 011110
011010 110000 100110
001100 000000 001100
101110 001000 100001
100010 010100 110110
111110 110000 010001
011100 100000 111100
110100 111000 010010
001110 000110 001011
100010 111000 000110
010110 010010 001101
111000 110010 010110
101010 010010 111001
011010 011110 001011
010000 110110 101110
000100 101010 101110
101000 010100 111100
111010 001110 110011
000000 100110 100110
011110 010100 000101
100110 111010 000011
100010 000000 100010
010110 101000 111110
001000 101100 100010
010010 010100 001110
011100 011000 001010
000110 110010 110101
100110 010100 110001
100110 100100 010001
010010 111000 100110
011000 001110 010001
010100 101000 111100
110110 101000 000001
100110 001110 101011
101000 001000 100100
101100 100100 011010
110100 111010 010001
000110 011110 011011
011110 100100 111001
011100 010000 000010
111010 000010 111001
010110 010100 001001
011000 011000 001100
101000 001100 100010
100000 001100 101100
110010 110110 011101
110010 101100 000001
000100 101110 101001
110110 010010 101101
100000 101110 011110
100010 011100 111110
101010 000000 101010
101010 001010 100101
001100 110110 111001
100110 100110 010011
010110 111000 100001
110010 111000 010110
100100 010010 110110
110000 100000 001000
100010 010000 110010
111110 001000 110001
110010 101010 000101
101100 010100 111010
111010 010110 100011
011100 011100 001110
111100 101010 001001
101100 110000 000010
001100 000010 001110
110110 110100 011001
100110 010010 110101
001000 100010 101010
001110 010000 011110
110010 111110 010011
001100 111010 110001
100010 000010 100001
100010 100010 010001
011000 001100 010010
000010 010010 010001
100010 111110 000011
000110 101100 101001
110010 011000 100110
110100 101000 000010
101000 101000 010100
011100 111000 101010
001110 101000 100001
000000 101110 101110
001110 110010 111101
000110 010100 010001
111000 010010 100110
111010 011100 101001
001110 101010 100011
000010 010110 010101
110110 001000 111110
010110 111100 100101
000000 001010 001010
100100 010110 110001
101110 110000 000001
010000 010000 001000
010010 110010 101001
100100 111000 000010
000000 111000 111000
001100 000100 001010
100000 101000 011000
011000 110010 100110
110100 000010 110110
001010 101010 100101
010010 101000 111010
100100 011010 111110
111110 001100 110101
001000 110000 111000
100100 100010 010110
011110 110010 100011
101000 111000 001100
011100 010100 000110
010000 001010 011010
011100 011010 001001
010000 011010 000110
011110 011100 001101
101100 101110 010101
001110 011000 010001
111000 001100 110010
101000 101110 010001
110100 101100 000110
101010 100100 011110
000110 000110 000011
000100 001110 001001
111100 000000 111100
011010 110110 100011
101010 111000 001110
011100 000010 011110
011000 000000 011000
101000 111110 001001
101010 011110 110011
101100 001100 100110
100000 111010 000110
011100 111010 101001
000010 110010 110001
000100 110000 110100
111100 100100 000110
110110 110010 011101
100100 111010 000001
000010 011000 011010
011100 100100 111010
110100 111110 010101
110010 100000 001010
010110 010000 001110
010000 110100 101100
001100 001010 000001
001100 011100 010110
011010 000000 011010
011010 110100 100001
110100 001110 111001
111010 101100 001001
010110 011000 000001
100010 111010 000101
000100 000010 000110
001010 100010 101001
101010 000010 101001
011100 100010 111110
100000 001110 101110
101100 011000 110010
100010 101010 011001
100010 111100 000001
001000 000010 001010
111010 110100 010001
100110 101000 011110
001010 001100 000001
010000 010010 001010
100010 001100 101110
010100 011110 000101
000000 101010 101010
100110 101100 011001
001000 001000 000100
101100 101000 010010
001100 101100 100110
100100 001110 101001
111110 011110 101111
010110 001110 011011
100000 001010 101010
000000 110000 110000
111000 101010 001110
110010 111100 010001
010100 010000 001100
100110 010000 110110
011110 111010 101011
000000 000000 000000
000100 001100 001010
001110 011100 010101
100010 100110 010101
111000 000010 111010
110100 110000 011100
001010 011010 010101
100100 001010 101110
111110 011000 101001
111000 010100 100010
011000 110000 100100
000010 011010 011001
110110 011100 100101
101010 011000 110110
111000 001000 110100
011010 111000 101110
010000 111110 100001
001010 000110 001101
010110 110010 101101
011100 110010 100001
101100 110100 000110
011110 100110 111011
010110 000000 010110
010010 001010 011001
100000 101100 011100
111010 101110 001011
101100 110110 000101
110000 000000 110000
011000 001000 010100
110000 110100 011100
111110 110110 010111
100010 000110 100101
011010 010110 000011
110100 101010 000001
100100 100110 010001
100000 111000 000100
011000 010110 000001
100010 110100 001110
001100 011110 010101
110010 010100 101110
110000 101100 000010
110110 011110 100111
101100 011110 110101
011000 011100 001010
111110 100000 000001
111000 000110 111110
000100 110100 110010
101100 111000 001010
000010 110000 110010
000010 001010 001001
001010 000010 001001
100000 010010 110010
011110 110000 100001
110000 000100 110100
011010 111010 101101
101010 011010 110101
100100 001000 101100
111000 000000 111000
011010 111100 101001
011000 111110 101001
101100 011010 110001
101000 110110 000001
111010 001100 110001
001000 011010 010110
100000 110100 001100
100110 001000 101110
011010 100010 111001
011110 000010 011101
111010 010100 100001
010100 001110 011001
001000 001010 000110
110100 010110 101001
000110 100000 100110
000010 001100 001110
001110 100010 101101
100110 011100 111001
001010 011100 010001
110110 001010 111101
101100 101010 010001
000110 111100 111001
111100 001010 110001
100110 001010 101101
100110 101110 011011
001100 100100 101010
110000 101110 000001
100100 101010 011110
010110 100010 110101
110000 101000 000100
000010 010100 010110
110110 100000 001110
111000 010110 100001
110110 101110 000111
010100 111100 100110
101000 100110 011110
100000 011100 111100
111100 001110 110101
101010 101100 010001
110010 100010 001001
000000 111010 111010
100010 011110 111101
110110 011000 100001
100000 000110 100110
010100 010010 001110
010110 000100 010001
001110 010100 011001
011110 101010 110011
001000 000000 001000
000110 100110 100011
111100 011100 101110
010110 000110 010011
010100 100110 110001
010000 001110 011110
101000 000010 101010
101110 100010 011101
111000 001010 110110
110100 100110 001001
100010 001110 101101
011010 000010 011001
110110 001110 111011
001010 000100 001110
001110 000100 001001
011010 011100 001001
010100 101100 111010
100110 000100 100001
000110 110000 110110
100010 010010 110001
101100 111110 001101
101100 000000 101100
111110 001010 110011
111000 011100 101010
000100 010010 010110
010010 011110 000011
000000 101000 101000
100100 111110 000101
101010 101010 010101
110110 011010 100011
000110 111010 111101
110000 011000 100100
111110 101000 001001
001010 110010 111001
000110 000010 000101
110000 001110 111110
001000 101000 100100
010100 110000 101100
000010 000000 000010
111110 100010 000011
110010 101110 000011
000110 011010 011101
001110 000010 001101
100100 010100 110010
000000 111100 111100
010010 111100 100001
111100 101110 001101
101010 001100 100001
111010 111010 011101
101110 010000 111110
100010 101100 011110
110010 010000 101010
101110 110110 000111
001010 011110 010011
100010 001010 101001
011110 001100 010101
011010 001010 010101
010100 111110 100101
010100 111010 100001
000100 111010 111110
001110 101110 100111
101110 111010 001011
010000 010100 001100
001100 100010 101110
101000 110100 000010
101000 010000 111000
010000 000010 010010
101110 111100 001101
001010 010100 011110
101110 011000 110001
011010 101110 110011
010010 001000 011010
100000 100100 010100
101110 000000 101110
010010 110000 101010
001110 111100 110101
001110 100110 101011
001000 111110 110001
000010 101000 101010
000100 101000 101100
110110 010100 101001
000110 110100 110001
001100 000110 001001
100110 110110 001011
111000 110110 010001
101010 000110 101101
101110 101000 010001
000100 001000 001100
011110 101100 110101
100110 010110 110011
011110 111000 101001
001000 001110 000001
010000 100100 110100
110000 011110 100001
000000 110110 110110
000100 111000 111100
101000 001010 100110
100000 100000 010000
000110 010000 010110
001100 100000 101100
101010 010100 111110
101110 100000 011110
011110 011110 001111
111000 011000 101100
101100 101100 010110
111000 100110 000001
010100 001100 011010
010110 011010 000011
100100 100100 010010
100100 010000 110100
100100 001100 101010
110000 100010 001010
110000 010010 101010
101110 000010 101101
000100 110110 110001
110010 010110 101101
010110 010110 001011
111010 001010 110101
100110 011000 111110
110110 000010 110101
000000 111110 111110
111100 110010 010001
001110 001010 000011
010100 010110 001001
101000 101100 010010
011010 101010 110101
010100 001000 011100
001010 011000 010110
000100 110010 110110
001110 010110 011011
000110 010110 010011
001010 110110 111101
111010 011010 101101
001110 011110 010111
101110 101010 010011
011010 011010 001101
010100 101110 111001
001100 011010 010001
010100 111000 100010
110000 000110 110110
110000 010000 101000
000110 000000 000110
101110 110100 000101
000110 011000 011110
111110 011010 101011
100000 001000 101000
101110 010100 111001
111100 110000 010010
011000 101000 110100
111000 101110 001001
111100 011000 101010
011010 101100 110001
000100 100010 100110
010010 000100 010110
110000 110110 011110
111100 010010 100001
010010 100110 110101
001010 100110 101101
101100 000010 101110
111110 000100 111001
101010 011100 110001
011000 010100 000010
100110 110000 001110
010110 111110 100111
110110 111100 010101
001000 111000 110100
100000 101010 011010
110010 010010 101001
101110 101100 010101
101010 110000 000110
000010 011100 011110
100110 000000 100110
011100 110000 100010
101010 001000 100110
000110 001000 001110
